./img/RedTile.png
2,0,0,1,0
3,0,1,1,0
3,1,1,1,0
4,0,2,1,0
4,1,2,1,0
4,2,2,1,0
5,0,3,1,0
5,1,3,1,0
5,2,3,1,0
5,3,3,1,0
6,0,4,1,0
6,1,4,1,0
6,2,4,1,0
6,3,4,1,0
6,4,4,1,0
7,0,5,1,0
7,1,5,1,0
7,2,5,1,0
7,3,5,1,0
7,4,5,1,0
7,5,5,1,0
8,0,0,1,0
8,1,0,1,0
8,2,0,1,0
8,3,0,1,0
8,4,0,1,0
8,5,0,1,0
8,6,0,1,0
9,0,1,1,0
9,1,1,1,0
9,2,1,1,0
9,3,1,1,0
9,4,1,1,0
9,5,1,1,0
9,6,1,1,0
9,7,1,1,0
10,0,2,1,0
10,1,2,1,0
10,2,2,1,0
10,3,2,1,0
10,4,2,1,0
10,5,2,1,0
10,6,2,1,0
10,7,2,1,0
10,8,2,1,0
11,0,3,1,0
11,1,3,1,0
11,2,3,1,0
11,3,3,1,0
11,4,3,1,0
11,5,3,1,0
11,6,3,1,0
11,7,3,1,0
11,8,3,1,0
11,9,3,1,0
12,0,4,1,0
12,1,4,1,0
12,2,4,1,0
12,3,4,1,0
12,4,4,1,0
12,5,4,1,0
12,6,4,1,0
12,7,4,1,0
12,8,4,1,0
12,9,4,1,0
12,10,4,1,0
13,0,6,1,1
13,1,6,1,1
13,2,6,1,1
13,3,6,1,1
13,4,6,1,1
13,5,6,1,1
13,6,6,1,1
13,7,6,1,1
13,8,6,1,1
13,9,6,1,1
13,10,6,1,1
13,11,6,1,1
